3.4	10.24209
3.8	9.48196
4	6.81818
3.9	8.27273
3.5	9.38497
3.6	9.375
3.6	9.76158
3.9	9.0625
3.8	6.65499
3.7	6.11087
3.8	4.77016
4	2.73387
4.3	1.39358
4.7	1.01394
5	1.74468
5.3	0.41982
6.1	-0.41649
6.2	-0.95238
6.7	-2.86885
6.8	-2.98813
6.6	-2.50411
7.9	-2.63266
6.4	-1.90397
6.6	-1.82952
6.5	-2.08247
6.4	-1.25471
6.3	-1.12923
5.8	-1.12876
5.5	-0.58553
5.4	-0.16722
5	1.56118
4.5	2.1097
4.4	2.48421
4.2	3.50655
4.2	3.79747
4.3	5.80263
3.7	7.95406
3.4	9.4028
3.4	9.47547
3.1	9.59831
3	9.3395
3.2	8.58459
3.1	7.64437
3.1	6.8595
3.3	6.9433
3.5	6.77551
3.5	6.99187
3.1	5.96477
3.2	4.21592
3.1	2.24545
2.9	1.97063
2.9	2.08333
3	1.84686
3	2.31392
3.2	2.97183
3.4	3.20959
3.1	2.30503
3	2.02599
2.8	1.40578
2.7	0.90669
2.9	0.71834
2.6	0.68156
2.6	0.90944
2.7	0.86924
2.5	0.86891
2.5	0.90464
2.6	0.41229
2.7	0.59948
2.9	0.97634
3.1	0.97415
3.5	0.59948
4.5	0.59903
4.9	1.12613
5.2	1.50432
5.7	1.12655
5.9	0.63694
5.9	0.86142
5.6	0.63504
5.8	0.26129
6	0
6.1	-0.29751
5.7	-0.85343
5.3	-0.26071
5	-0.37216
4.9	-0.63103
4.7	-0.62986
4.6	-0.51987
4.7	-0.26061
4.3	-0.59413
4.2	-0.85375
4	-0.3723
4.2	-0.48417
4.1	0.1492
4.3	0.37425
4.2	0.37341
4.2	0.37355
4	0.22413
3.9	0.14914
4.2	0.37327
4	0.52258
4.3	0.97124
4.3	1.64732
4.4	1.98057
4.1	2.20808
3.9	1.8622
3.9	2.57271
4.3	2.34375
4.2	2.82843
4.2	3.13082
3.9	3.49963
3.7	3.60729
3.9	3.71333
4.1	3.58861
4.3	3.53591
4.2	3.29791
4.1	3.55181
4.4	3.54662
4.5	2.94438
5.1	3.27154
5.2	3.04017
5.8	3.5056
6.4	3.23741
6.7	3.62527
7.4	3.61618
7.4	3.35714
7.3	2.84596
7.5	2.48315
7.4	2.3338
7.1	2.08333
6.7	2.08333
6.2	1.90074
6.2	1.75623
6	1.2919
5.9	1.0453
5.6	0.34638
5.2	0.13822
5.1	0.34554
5	0.6918
5.1	0.89997
5.2	0.8293
5.5	1.17606
5.7	1.52196
5.8	1.38169
5.3	1.51881
5.2	1.24095
4.8	1.41379
5.4	1.51881
5.2	1.93237
5.1	1.82507
5.4	1.71762
5.5	1.37221
5.6	1.47361
5.5	1.23077
6.1	1.36286
6.1	1.46508
6.6	1.36008
6.6	1.60027
6.9	1.46209
6.9	1.46209
7	0.91401
7.1	0.91309
6.9	0.77676
7	1.25212
6.6	1.11449
6.7	1.24958
6.5	0.77311
6.1	0.67159
6	0.67092
5.8	0.67024
5.5	0.90483
5.6	1.1059
5.6	1.34183
5.5	1.34048
5.5	1.23995
5.4	1.00267
5.7	1.1356
5.6	1.46765
5.4	1.33422
5.7	1.33422
5.5	1.23292
5.7	1.33156
5.9	1.22883
5.7	1.12695
5.7	0.89374
5.9	0.89286
5.6	1.32406
5.6	1.55526
5.4	1.55218
5.5	0.98619
5.5	1.21791
5.7	1.31666
5.5	1.64582
5.6	1.64258
5.4	1.41076
5.4	1.40937
5.3	1.54199
5.1	1.54048
5.2	1.30676
4.9	1.07527
5	0.97561
5.1	1.17188
5.1	1.20325
4.8	1.39701
5	1.19819
4.9	1.0989
5.1	1.19702
4.7	1.19586
4.8	1.38934
4.6	1.61394
4.6	1.93486
4.4	1.80529
4.4	1.61031
4.3	1.73745
4.2	1.70308
4.1	1.73021
4	1.92
4	1.91816
3.8	2.55754
3.8	2.77866
3.8	2.86807
3.9	2.76366
3.8	2.43594
3.8	2.75491
3.8	3.48653
3.7	3.57369
3.7	3.79147
3.6	3.55906
3.8	3.3595
3.9	3.1995
3.8	2.86783
3.8	2.54817
3.8	2.54027
3.8	2.31839
3.9	2.84126
3.8	2.92758
3.8	2.60337
3.8	2.59542
4	2.58752
3.9	3.10219
3.8	3.28068
3.7	3.64742
3.8	3.63636
3.7	3.93939
3.5	3.92749
3.5	4.22961
3.7	4.2042
3.7	4.49102
3.5	4.47761
3.4	4.46429
3.4	4.74777
3.4	4.42478
3.4	4.70588
3.4	4.69208
3.4	4.67836
3.4	5.24781
3.4	5.52326
3.4	5.50725
3.5	5.4755
3.5	5.44413
3.5	5.42857
3.7	5.69801
3.7	5.66572
3.5	5.9322
3.5	5.89888
3.9	6.16246
4.2	6.42458
4.4	6.09418
4.6	6.06061
4.8	6.04396
4.9	6.01093
5	5.70652
5.1	5.69106
5.4	5.66038
5.5	5.63003
5.9	5.6
6.1	5.57029
5.9	5.27704
5.9	4.72441
6	4.43864
5.9	4.15584
5.9	4.40415
5.9	4.38144
6	4.37018
6.1	4.35897
6	4.08163
5.8	3.80711
6	3.53535
6	3.26633
5.8	3.25815
5.7	3.7594
5.8	3.5
5.7	3.49127
5.7	3.22581
5.7	2.96296
5.6	2.95567
5.6	2.9484
5.5	3.18627
5.6	3.17848
5.3	3.41463
5.2	3.40633
4.9	3.64078
5	3.86473
4.9	4.83092
5	5.3012
4.9	5.52885
4.9	5.9952
4.8	5.74163
4.8	7.39857
4.8	7.36342
4.6	8.05687
4.8	8.25472
4.9	8.94118
5.1	9.60187
5.2	10
5.1	10.13825
5.1	10.06865
5.1	10.70615
5.4	10.85973
5.5	11.53846
5.5	10.88889
5.9	11.9469
6	11.84211
6.6	12.20044
7.2	12.09503
8.1	11.75214
8.1	11.20507
8.6	10.46025
8.8	10.18711
9	9.25926
8.8	9.18367
8.6	9.53347
8.4	8.61723
8.4	7.90514
8.4	7.64706
8.3	7.37864
8.2	7.12909
7.9	6.69216
7.7	6.27376
7.6	6.06061
7.7	5.84906
7.4	6.21469
7.6	5.98131
7.8	5.55556
7.8	5.71956
7.6	5.49451
7.7	5.46448
7.8	5.06329
7.8	5.03597
7.5	5.19713
7.6	6.08229
7.4	6.42857
7.2	6.95187
7	6.73759
7.2	6.70194
6.9	6.66667
7	6.63176
6.8	6.42361
6.8	6.39033
6.8	6.71256
6.4	6.67808
6.4	6.81431
6.3	6.23946
6.3	6.37584
6.1	6.5
6	7.14286
5.9	7.43802
6.2	7.73026
5.9	7.85597
6	8.48287
5.8	8.92857
5.9	8.87097
6	8.98876
5.9	9.2504
5.9	9.84127
5.8	10.25237
5.8	10.48513
5.6	10.69767
5.7	11.07692
5.7	11.45038
6	11.83612
5.9	11.8797
6	12.07154
5.9	12.59259
6	13.25479
6.3	13.86861
6.3	14.16185
6.3	14.59227
6.9	14.58924
7.5	14.42577
7.6	14.26593
7.8	13.15068
7.7	12.89009
7.5	12.76882
7.5	12.63298
7.5	12.63158
7.2	12.35371
7.5	11.79487
7.4	11.39241
7.4	10.61174
7.2	10.13597
7.5	9.79192
7.5	9.69697
7.2	10.77482
7.4	10.81731
7.6	10.96544
7.9	10.27155
8.3	9.57944
8.5	8.91204
8.6	8.25688
8.9	7.61364
9	6.88488
9.3	6.62177
9.4	6.91193
9.6	7.18232
9.8	6.55738
9.8	5.96529
10.1	4.94092
10.4	5.03212
10.8	4.47761
10.8	3.82572
10.4	3.70763
10.4	3.48469
10.3	3.59029
10.2	4
10.1	3.44108
10.1	2.47423
9.4	2.35897
9.5	2.4565
9.2	2.76356
8.8	2.75229
8.5	3.16327
8.3	3.7871
8	4.29009
7.8	4.69388
7.8	4.89297
7.7	4.55466
7.4	4.33468
7.2	4.32596
7.5	4.30862
7.5	4.2957
7.3	4.28287
7.4	4.26587
7.2	4.1543
7.3	4.04339
7.3	3.52595
7.2	3.60624
7.2	3.79009
7.3	3.5818
7.2	3.57488
7.4	3.66442
7.4	3.45821
7.1	3.35249
7.1	3.24737
7.1	3.23501
7	3.51377
7	3.79147
6.7	3.97351
7.2	3.19849
7.2	2.15356
7.1	1.58879
7.2	1.6791
7.2	1.76744
7	1.67131
6.9	1.57553
7	1.75763
7	1.56682
6.9	1.2844
6.6	1.18721
6.6	1.36488
6.6	1.91431
6.6	2.84143
6.3	3.67985
6.3	3.66972
6.2	3.74771
6.1	3.92694
6	4.28832
5.9	4.27273
6	4.35572
5.8	4.52899
5.7	4.33213
5.7	4.12926
5.7	3.9356
5.7	3.83244
5.4	3.9929
5.6	3.9823
5.4	3.96476
5.4	4.13005
5.6	4.11199
5.4	4.18483
5.4	4.26087
5.3	4.2461
5.3	4.41176
5.4	4.48276
5.2	4.64716
5	4.8927
5.2	5.03413
5.2	5.2766
5.3	5.16949
5.2	5.06329
5.2	4.62185
5.3	4.43515
5.3	4.58716
5.4	4.65503
5.4	4.6396
5.4	5.19802
5.3	5.26316
5.2	5.23732
5.4	4.71162
5.4	4.3654
5.2	4.67365
5.5	4.81928
5.7	5.70281
5.9	6.16987
5.9	6.37959
6.2	6.19539
6.3	6.25495
6.4	5.64706
6.6	5.3125
6.8	4.82115
6.7	4.80993
6.9	5.03486
6.9	4.69592
6.8	4.36782
6.9	3.79939
6.9	3.39623
7	2.84858
7	3.06657
7.3	2.98063
7.3	2.67261
7.4	2.81899
7.4	3.18991
7.4	3.18283
7.6	3.0236
7.8	3.01471
7.7	3.15712
7.6	3.07467
7.6	2.9927
7.3	3.27988
7.4	3.12046
7.4	2.96671
7.3	3.2538
7.1	3.24675
7	3.01941
7.1	3.15638
7.1	3.22119
7	2.99786
6.9	2.84698
6.8	2.84091
6.7	2.764
6.8	2.75229
6.6	2.74455
6.5	2.81096
6.6	2.45098
6.6	2.51572
6.5	2.65178
6.4	2.36439
6.1	2.28849
6.1	2.4948
6.1	2.69896
6	2.90055
5.9	2.96552
5.8	2.60989
5.6	2.60274
5.5	2.5974
5.6	2.87081
5.4	2.86299
5.4	2.78722
5.8	3.125
5.6	3.11864
5.6	3.0426
5.7	2.83019
5.7	2.61745
5.6	2.54521
5.5	2.74431
5.6	2.60347
5.6	2.53165
5.6	2.7907
5.5	2.71703
5.5	2.84392
5.6	2.83267
5.6	2.82709
5.3	2.82152
5.5	2.88336
5.1	2.8123
5.2	3.00457
5.2	3.06189
5.4	3.25309
5.4	3.37882
5.3	3.03814
5.2	3.03226
5.2	2.76527
5.1	2.43434
4.9	2.23785
5	2.23357
4.9	2.16561
4.8	2.29008
4.9	2.2194
4.7	2.08597
4.6	1.89036
4.7	1.69705
4.6	1.63112
4.6	1.4402
4.7	1.37672
4.3	1.4384
4.4	1.68856
4.5	1.62297
4.5	1.74564
4.5	1.61692
4.6	1.4268
4.5	1.48607
4.4	1.48423
4.4	1.60692
4.3	1.66667
4.4	1.66667
4.2	1.7284
4.3	2.28113
4.2	2.09102
4.3	1.9656
4.3	2.14461
4.2	2.26438
4.2	2.62997
4.1	2.56254
4.1	2.62035
4	2.6764
4	2.79296
4.1	3.21797
4	3.76214
3.8	3.01386
4	3.13253
4	3.73494
4	3.59928
4.1	3.35129
3.9	3.4565
3.9	3.45033
3.9	3.44418
3.9	3.43602
4.2	3.7212
4.2	3.52941
4.3	2.98246
4.4	3.21826
4.3	3.56308
4.5	3.19396
4.6	2.72148
4.9	2.72148
5	2.59217
5.3	2.12766
5.5	1.89437
5.7	1.60367
5.7	1.1959
5.7	1.13636
5.7	1.36286
5.9	1.64399
5.8	1.24083
5.8	1.06922
5.8	1.46561
5.7	1.74746
5.7	1.516
5.7	2.02703
5.9	2.25352
6	2.48027
5.8	2.75746
5.9	3.14607
5.9	3.02521
6	2.17513
6.1	1.89415
6.3	1.94878
6.2	2.05556
6.1	2.21607
6.1	2.37832
6	2.04194
5.8	1.92837
5.7	2.0352
5.7	2.02629
5.6	1.68845
5.8	1.74008
5.6	2.29258
5.6	2.89776
5.6	3.16767
5.5	2.93958
5.4	2.54743
5.4	2.53917
5.5	3.19091
5.4	3.62162
5.4	3.34232
5.3	2.84487
5.4	3.05303
5.2	3.20684
5.2	3.36179
5.1	2.86929
5	2.54103
5	3.06716
4.9	3.64693
5	4.74183
5	4.3501
5	3.33855
4.9	3.33855
4.7	4.01879
4.8	3.63825
4.7	3.41792
4.7	3.61384
4.6	3.97727
4.6	4.18172
4.7	4.10467
4.7	3.92657
4.5	2.01207
4.4	1.40633
4.5	1.9687
4.4	2.52398
4.6	2.07577
4.5	2.42026
4.4	2.7982
4.5	2.59292
4.4	2.70989
4.6	2.69277
4.7	2.31789
4.6	1.89745
4.7	2.83383
4.7	3.6107
4.7	4.37327
5	4.10881
5	4.2947
4.9	4.14296
5.1	3.9749
5	3.90376
5.4	4.08841
5.6	4.93597
5.8	5.49751
6.1	5.30802
6.1	4.95332
6.5	3.73106
6.8	1.09992
7.3	-0.02223
7.8	-0.11359
8.3	0.00846
8.7	-0.44648
9	-0.57632
9.4	-1.01576
9.5	-1.22917
9.5	-1.95876
9.6	-1.48384
9.8	-1.37794
10	-0.22397
9.9	1.91459
9.9	2.81412
9.8	2.62111
9.8	2.15134
9.9	2.28617
9.9	2.20677
9.6	2.00355
9.4	1.12156
9.4	1.34078
9.5	1.15018
9.5	1.11831
9.4	1.1667
9.8	1.08454
9.3	1.43779
9.1	1.70078
9	2.1249
9	2.61924
9.1	3.07723
9	3.45897
9.1	3.50232
9	3.57988
9	3.755
9	3.81262
8.8	3.52227
8.6	3.45143
8.5	3.06207
8.3	3.00877
8.3	2.89818
8.2	2.58288
8.2	2.27316
8.2	1.73794
8.2	1.65387
8.2	1.41751
8.1	1.68593
7.8	1.94972
7.8	2.15568
7.7	1.79602
7.9	1.7595
8	1.68406
7.7	2.01814
7.5	1.51875
7.6	1.13881
7.5	1.39039
7.5	1.71579
7.3	1.88547
7.2	1.53881
7.2	1.09473
7.2	0.8768
6.9	1.23287
6.7	1.51284
6.6	1.55776
6.7	1.12047
6.7	1.61269
6.2	2.01513
6.3	2.16695
6.1	2.05898
6.2	1.97424
6.1	1.7151
5.9	1.68405
5.7	1.60954
5.8	1.23152
5.6	0.65312
5.7	-0.22993
5.5	-0.08703
5.4	-0.02203
5.4	-0.10403
5.6	0.03503
5.3	0.17957
5.2	0.22569
5.1	0.2413
5	0.00884
5	0.12762
5.1	0.43632
5	0.63872
4.8	1.2375
4.9	0.84728
5	0.89162
5.1	1.17263
4.8	1.07848
4.9	1.07929
4.8	0.86836
4.9	1.05532
5	1.54864
4.9	1.68592
4.7	1.68433
4.7	2.0508
4.7	2.51039
4.6	2.81036
4.4	2.4412
4.4	2.17622
4.4	1.85634
4.3	1.64057
4.3	1.72511
4.4	1.92812
4.3	2.18057
4.2	2.02076
4.2	2.17249
4.1	2.12993
4	2.1037
4.1	2.22658
4	2.33259
4	2.43783
3.8	2.77659
4	2.84851
3.8	2.89875
3.8	2.678
3.7	2.35518
3.8	2.52852
3.8	2.17281
3.9	1.91522
4	1.49833
3.8	1.48172
3.8	1.87995
3.6	2.00563
3.7	1.81275
3.6	1.68964
3.7	1.82116
3.7	1.75969
3.5	1.72733
3.6	1.75708
3.6	2.03082
3.6	2.26172
3.5	2.46049
3.5	2.31971
4.4	1.53064
14.7	0.36486
13.2	0.24244
11	0.72681
10.2	1.03283
8.4	1.32759
7.9	1.40065
6.9	1.1842
6.7	1.13776
6.7	1.27815
6.3	1.35997
6.2	1.67524
6.1	2.65838
6.1	4.15199
5.8	4.94444
5.9	5.34102
5.4	5.2761
5.2	5.20533
4.8	5.38991
4.5	6.23694
4.2	6.82837
3.9	7.09654
4	7.52593
3.8	7.91202
3.6	8.55759
3.6	8.22414
3.6	8.51641
3.6	8.99522
3.5	8.48213
3.7	8.24923
3.5	8.22241
3.7	7.76312
3.6	7.11788
3.5	6.42068